	Stu_00ea0b50a27238a1a209396453fb1c4d	Stu_01476ce43b36f563415487142e1c046c	Stu_0253cdb749f39471861340d0346915f1	Stu_02e531baf3492ba41607c21175598a09	Stu_038d615d7f4ebc8b27efd2c8d226d034	Stu_0391448da5eac00f9b6dd455081aa08e	Stu_04dd6ee86838195f6ceaf45c5bec197e	Stu_04ea566d35db87559bff32360ac139ac	Stu_0657f86f4ff3fe084bfff62f488150c4	Stu_07162763f5295ac2ac205a59c82f218e	Stu_0750480f9d470c37e313dc36329047f7	Stu_08068adc1a7ce33ac09ccb426ab6f293	Stu_0832d131f43ba6e40d91ab220cc1bb79	Stu_09266f06981ef59c54b75202604eebbf	Stu_09f76d2083c142e10771e26934a20c26	Stu_0b5df9ca7199154ee2f1d10fb15b3c50	Stu_0b8e52119f6b5f2b2dd5c1ad16a750f8
0-0-distribution	-12.6520796246266	-16.9976028706867	-12.591180081876	-12.7513587264981	-13.147721225129	-12.1486492698968	-12.705946995443	-12.699594166812	-14.2064430440838	12.0791479984584	-11.8870089671287	12.1741684551854	-13.3850526770995	12.7566950646387	12.3475031668554	-12.1467684895628	-12.7555308750489
0-1-likelihood|probability	-12.9143604416656	-12.4396754759534	-12.4203661604047	12.4379123572427	11.8961051561836	12.6755747431011	12.1769203654983	-12.3345718748075	-12.6538252169939	12.5106872039302	-11.6560953513114	12.6925603196079	11.9510463536653	12.7120928476327	12.5386199175453	12.5808137736772	-11.9830520297623
0-2-observations	-12.564730934618	-14.5507872463049	-13.1681328354486	-13.1895521280443	-12.6348392756702	-11.8003619254897	-12.859867502068	-12.7009590515183	-15.2932545403845	12.6229622371213	12.6096265819607	12.5075699585043	-13.8868258771933	12.6701790041058	-11.9692820389466	12.5164105754695	-12.6806217116279
0-3-range|set	-12.4593916451381	-13.2378994186066	12.3905704110354	12.0171031857518	-12.0762441075006	12.7267664976358	-12.1572547895992	11.869857435506	-12.4666334420873	12.5063486873512	12.4959403788315	12.423497301199	12.2030481856115	13.3871809649667	13.1353640402232	13.2678238779283	12.0224520041352
1-0-normal	-12.6231937718623	-12.2838380382187	12.3949715074255	-12.3598033553587	-12.3827309903308	12.3638982772433	-12.7279919519324	12.4139996479735	11.9592403964209	12.6624283598857	-11.9043405584153	-12.1501350227478	-12.1061672460216	12.4646201012832	12.6308593708814	12.3739677893024	11.6657679641136
1-1-symmetric	-12.831301698783	-13.9562134865418	-12.7844190549838	-12.6946832472926	-13.8865515955562	12.4342302546422	-12.6383859406393	-12.4319805646033	-13.3113870470771	-12.4064662089308	-11.8070070324955	12.4706735444776	-12.8586557173456	-11.8417995614908	12.3602536394992	12.3425200238534	-13.3915766332554
1-2-probability	-13.7048067065599	-12.0113137159923	-14.1736229451505	-12.6146585630132	-12.7748352225934	12.7706211749757	11.6763513725897	-12.4908489284905	-12.8370619468169	13.1349517666194	12.680094910967	-11.839927006381	-12.9435137009975	-12.151982074216	-12.0829620483953	12.2878387703221	-12.8057714459158
1-3-equal	11.7278238284552	-12.1271786880227	-12.9401225776994	11.9276559080915	-12.2651525771663	12.4777996125364	-12.7935268176948	-12.9423151579086	-12.6551995233964	12.9326897343378	13.2508204580591	12.5496616584312	-12.3260488600502	12.7824371194533	-11.7573391313996	12.6797326726518	11.5941537083743
10-0-normal	12.1447091311046	-11.6558205077351	12.0690864846455	-12.476556980754	11.6964414453194	12.6215897101924	-12.8378965534309	12.64684978694	12.2905306101435	-11.7890398916934	12.5647884104201	13.5899006140133	-12.2395623031593	12.6258992157187	12.8967084532926	12.6466800327918	-12.72904081361
10-1-99.7	-12.7200790387473	-15.5123952124728	-12.5470740367768	12.3047085424243	-12.734145733389	12.675786715597	-12.4855851810632	-13.67722080608	-12.8452924930022	12.2351891089288	12.5347852203085	-12.4474215760233	11.6202335658403	12.9295331163787	12.6936167019987	-12.0384921399478	-12.2123861880241
10-2-range	-12.1456615293379	11.4760934645806	11.9252377348781	12.1437264408483	-11.9948296175927	12.5362708507908	12.3262746577315	-12.5513130731726	-12.1644285203924	-11.9910503114384	12.5524964064097	12.5253569147869	-11.6678923961158	12.3388275418644	12.7053142298436	12.53540407865	12.0683398243362
10-3-3	-12.6007345151993	-13.2620420258237	-12.632065213804	12.0759274305935	11.8145519365243	12.63597045628	-12.2305613719845	-12.9954068785112	-12.8964816670407	12.8785875667517	13.4277753962134	12.4500319152618	-12.1378493473805	13.9954582554085	12.6280011440057	13.1579774507768	11.8141866336132
11-0-sample mean|mean	12.0831827396731	-12.0116736076215	-12.1516969313694	12.0992249433909	-12.0379884000182	13.4911785266434	11.8519563504174	12.2409324659075	11.7231764553157	12.7030586815661	12.7409920962457	12.6177469612125	-12.6993327667703	12.6289482345662	12.8014528002992	12.7353424537093	-13.0893979816997
11-1-statistic	11.8424488386077	-12.6458616497011	-13.1394051323639	-12.9266198536898	-12.5704903853431	-11.938287265063	-13.281975567287	-12.5558050221263	-13.2947338407933	12.6315650146594	12.7777879809705	12.7489643932008	-13.6081891109145	12.5773028889494	-11.9379900834157	12.4475902186429	-12.7540672853548
11-2-represents|describes|shows	-12.6380929390894	-13.3349687987736	11.7993269500736	-12.5536162352361	-12.8870134330461	12.9242255852804	-12.7712775501945	-12.3968468911929	-12.9735182231169	-12.082564022168	12.5981672543886	12.9726262622271	11.7808533822918	12.93087795008	13.4087629636506	12.5629472142456	-12.2724443911924
11-3-expect	-12.8243005816567	-15.9313817289101	-13.1182996267884	-12.9530735370481	-12.8260756167029	12.8329439261697	-12.7382237985065	-12.8532498536239	-14.0428238317396	12.7865862687404	13.1316093429797	12.6699433700559	-13.7901795002871	12.7148044706216	-11.8699966233733	12.7679952379073	-13.0549339282456
12-0-standard deviation	-12.8075243143028	-16.171336221419	-13.1217677601157	-12.7932010201872	-13.6171960794914	12.8417035578394	-13.0427022126795	-12.8840206150087	-13.9441692019353	-11.995015938084	13.0038982124144	12.8752369847627	-13.0014701820807	12.8937796559186	12.9797587291612	12.6247489369658	-13.1763161962709
12-1-statistic	-12.9124709511455	-13.4768257819964	-13.059681524682	-12.7049269571501	-13.4980895764352	12.1415570775722	-12.9359823631405	-12.7804060248128	-12.7998925023841	-12.2442531343056	-11.8965271920389	12.446506707121	-12.7758496550672	12.1694076512084	-11.9436698420263	-12.2559382322406	-13.3045906109078
12-2-variability	-12.7488979187083	-11.7422398636982	-12.7866114690585	-13.0098484734343	-12.6635642074316	-12.3606574396383	11.7706872977535	12.1727548548967	-12.5583619082373	-12.28426877028	-12.5658350538506	12.4643170459646	-12.533744795352	-12.5957047339675	-12.2810196116054	-12.4583020783729	-13.0453534642523
12-3-observations	11.9951202819229	-12.4518707026742	-13.1509483539946	11.9045184943937	-12.8923954147816	-12.0294015095915	-13.2904364662976	-12.9148184512638	-12.7623090761974	-12.2950536334625	12.3570893498957	12.3756615934467	-12.59238165449	12.7184086732809	12.7861704078477	-12.2332553390215	-12.7975930108627
13-0-units	-12.8958375539706	-12.7735793587965	-12.6070203608704	11.9964324501068	-12.7305660792184	12.2753528492666	-12.459825159892	11.9004840269262	-12.1170076934608	12.4438519418149	-12.0821134571345	-12.2788084973382	-12.7155682954973	-12.2487227309691	-12.2466246124425	12.3526159317428	-13.081905792383
13-1-standard deviation	-12.914432040615	-13.2403998043845	-13.1043883198218	-12.4878278619653	-14.1975808440771	-12.3976940892619	-13.9088797246011	-12.7736733245648	-12.7660776136399	-12.3612108765557	-12.1167498299283	-12.1953076741486	-12.6721176314411	12.2541136511129	12.4870319243862	-12.6378303748264	-12.6597713444247
13-2-same	-12.7788961638133	-12.4557551865264	-12.0353106778776	-12.3206289745259	12.1879335983747	12.5458336086818	12.3994516956046	11.8837625281525	-12.5562919746281	12.7882454474364	12.9568971405955	13.0747114101265	12.1395745449617	12.8072588400751	12.5592310214829	13.3884920386211	12.2160861189312
13-3-measure|represent|describe	11.8236195330059	-13.1168006255232	-12.362844561914	-12.2476064556714	11.7111757075237	12.5792638362626	-12.3330159922017	-12.5686312490205	-12.5895258440454	12.4600417570697	13.8003198863023	13.0827227808131	11.6224620591645	13.3719816626356	12.5387559258931	12.9848000139488	-12.0945072937128
14-0-variance	-12.8595784624446	-13.2826300201589	-13.3743687124455	-12.5771284430747	-14.6935020452808	12.3964983857736	-12.8395869435615	-13.0502201562036	-12.7076176356504	-12.2924346553343	12.3713011835859	-12.2298549811626	-12.8807787262308	-11.9103322918494	12.3968099025383	-12.2907932581482	-13.0609035095091
14-1-sample	-12.5684007542271	-12.4232187527493	-13.8304945186073	11.9285080326839	-13.1776876474768	-11.8218266423804	-13.1262993466105	-12.6592523006198	-13.1750613740168	-12.1600516881513	12.1500654029772	-12.2932434190639	-12.6263266170314	-11.8100032454343	12.4989976565266	12.0613290501606	-12.6406318724502
14-2-dividing	12.4213336907345	11.656741006069	-12.1951486309373	-12.316234114142	12.3681315624777	-12.3133945772076	12.8149005737078	-12.3595721800622	-12.2963480712948	12.2402466276368	12.6937623259831	12.4116378375796	-12.1014465404958	-11.9370941080808	11.7777060979307	12.5487990740492	12.3469434858685
14-3-1|one	-12.9915577216887	-12.4077761902549	-13.4087422930642	-12.9144538251768	-12.5763956226285	12.9913149442807	11.8735402337212	-12.4303171533849	-13.7404142182003	12.7961382053355	12.7545994510051	12.7000590297203	-13.1755929076056	-11.9422060306546	-12.1086649673067	12.5547139594712	-12.9842040785372
15-0-variance	-12.4886261144284	-13.3511427125525	-12.3703178333986	12.3275808542246	-12.5801732396397	12.8295595998041	-12.7486819946945	-12.336470832775	11.5565074066996	12.3802214309458	-11.7773354239556	-12.5255312353904	-12.840108568123	12.6360652113852	12.5256983480041	12.2197953861914	-12.7566740875577
15-1-squared	-13.1095851316421	-13.2947287394587	-13.1646782551663	12.2144345311397	-14.0456693033297	12.2050058499862	-13.2481225313889	-13.1172624572796	-12.3548291732753	-12.2497010541047	-11.9361077658875	-12.2551797215905	-12.4082747989644	12.3298498000582	12.7080080585063	-12.4306119668965	-12.9205040417971
15-2-difference	-12.7165746920092	-15.4508322282058	-13.0398957204928	-12.626492123407	-13.3612575770432	-11.988377121933	-13.0945799904522	-13.1941072422609	-13.4497498666154	12.3925682644676	12.467949553975	-12.2719390337192	-13.4548172017321	12.7176689102398	12.4717822876803	-12.2186065787691	-12.5587176899103
15-3-mean	12.1480032134651	-12.5541185652407	-12.447262100998	-12.4880263148425	-12.7988497942977	12.6308150952835	-12.9699951249101	-12.4528658498403	11.5636853321274	-12.3246323825119	12.6057946603211	12.3461071340249	-13.0225904208968	12.6656291833686	12.6657655852734	-12.1372451560664	-13.3228655388102
16-0-Variability	-12.7257699446308	-16.0683510558279	-13.0131828480108	-12.9237125572967	-12.9619964496456	12.5586193019793	-12.6127842842936	-13.2284081672706	-13.5588005090453	12.5144650136139	12.7418095350561	12.3722279594108	-13.7420278899958	12.6267171867486	-11.9599018313623	-11.8688566083451	-13.0906612311738
16-1-different|far|variable	-12.6928865108318	-13.4339545220367	12.0660348076753	-12.519411013655	-12.3508647333993	12.7508888144313	-12.4108886118101	-12.5260666261297	-13.2656040378618	12.5393007078762	12.9205899634756	12.5796060412822	11.9805400644259	13.7426096789264	13.0230447058399	12.8826811402684	12.0867688533859
16-2-observations	-12.8530519303409	-16.1934117076667	-12.4117723728563	-12.7040831861685	-13.3815605217115	12.3445639077957	-12.7530435866196	11.8663498666869	-12.5944645440027	-12.1912367751831	-11.7885988519823	12.8753103546098	-12.7441584361941	12.419016830365	12.693451748184	12.5946195206085	-13.5384695440817
16-3-mean	11.8000929534818	-12.6959853880323	-13.1677659676182	11.9885858089014	-12.9964332412624	12.6984527175654	-13.231186901521	-12.8191605570233	-12.598283691981	-11.9973131262934	13.0277407788121	12.8615695194381	-12.573454256261	12.8419844844869	13.2205159228983	12.5432488416308	-13.1708921489797
17-0-involves|uses|includes|observes	-12.2359564700761	-12.0960204671972	12.2423498748694	-12.737615777174	-12.3504854626214	13.1348862953356	12.1400181564737	12.5543311266254	11.6884227455311	12.4137607584567	12.1393800178827	12.261901076584	-12.6710080832669	-11.8432266587607	12.3654773228539	-11.9092296350883	-12.9344968786253
17-1-subject|participant|participants	-13.0313129627859	-12.8718721972094	-12.3675370897349	-12.4134030431636	-12.1417416358381	12.8735699253813	12.0205017172553	-12.748133079946	-14.5018249525166	12.596422250013	13.292950918634	12.6966915754554	11.8830776017996	13.0437642921845	12.8083212536668	12.7979672920897	12.0425665237326
17-2-sample	-11.797745108348	11.4659036049226	-11.9458576267392	12.4942386566073	12.6071858117555	12.5770427459448	12.8618294027606	12.0855969628797	12.414821840929	12.6147458745225	12.333137495517	-12.3218086166451	-12.3690294219331	11.8648153080777	-12.4722896371109	12.5386546910785	-11.994962039601
17-3-participated	12.2182677853688	-13.7069008272203	-11.9537891451726	-12.5664201118484	-12.3737055371992	12.9092489271659	-12.4960161820853	12.1135930195066	11.6257016891686	12.4015836040429	12.8792363767428	12.5119277805	-13.7840539804986	12.8383300975614	12.5442129190422	12.9261302859324	-13.3488321052383
2-0-statistic	-12.5783542208397	-16.3997480269964	11.9864559749695	-12.9496809807549	-13.0444177570012	12.567929713643	-12.4832342717891	11.8424500968829	-12.3659786463601	12.5160749068202	12.5015841688058	12.616105309195	-12.7809274445887	12.83846772052	12.7506281179951	-11.7048332713647	-12.9695619540825
2-1-describes|is|represents	-13.0833870572144	-14.1926224151848	-12.9572944966395	-12.674349081076	-12.7125397779795	13.3123557627197	11.7717183724945	-12.6559608233069	-14.0524217825672	12.8887934019757	13.6181110024567	13.1030658918861	-13.0510384998252	12.8426501666579	12.7784594752856	12.8007498321988	-12.8213595957739
2-2-characteristic	-12.6466213246043	-13.6455406281709	-12.761454233506	-12.7069888715206	-13.2121506917518	-12.0029121761292	-13.4738832591045	11.7547231729892	-12.6245763100356	-11.986250876121	12.2813259029956	-11.8323174208518	-12.7940724326383	12.3706090355057	12.71000015585	12.3110432451058	-12.7004133548625
2-3-sample	-12.5439695576678	-14.7411226848089	-12.5966878667262	12.0862405719993	-12.6491907594583	13.0844167938005	-12.5413256805042	-12.949229949749	-13.7810295588178	-12.2580472739565	12.6220778974262	12.459696717144	11.6975649946749	13.1055294395839	13.1584274515779	12.6019247708604	-12.3720736753598
3-0-samples	-12.5474409838496	-14.2574738633552	12.0640116564238	-12.9168476508145	-12.7369460086754	-12.0417374400929	-12.6935530097794	12.2932853592572	-12.5572236249337	12.4216348103727	-12.0056759933879	12.6759980730435	-12.664878443744	12.5991369638831	12.5620914756041	12.5483448975179	-12.636054037185
3-1-variable|random	-12.8231909897097	-12.0460564977838	-13.2529091795185	-12.5099860304406	11.7211790110388	-12.4171830058573	-12.7308676889517	-13.004971807828	-12.6025057389674	12.9059048069948	12.4407052287558	-12.1986261757151	-12.2623559095665	12.4651763141394	-12.1556756871959	-12.2277865245338	11.9954603856603
3-2-represent|describe|sample	-13.1264552035157	-12.3179851314218	-12.7783523393564	-12.46880563038	11.8391338128153	12.6650651252749	11.9859882163671	-12.6010486725329	-12.9912318157229	13.5170876136086	13.9962715039395	13.1934100009386	-12.1246542061077	13.0448272207599	12.6108636789657	12.9762625941968	11.8375862152613
3-3-population	11.6992240877034	-12.9499665156023	-13.0585779481722	12.2058215366689	-13.148104615841	12.416184699472	-13.0682068418446	-13.4578346953556	-12.2126462429648	12.4969828032436	12.8861978576503	-12.1233903443377	-12.7434796362434	12.7003286929704	12.7062101925899	-12.0825232200376	-12.8220832699667
4-0-Standard deviation	-12.9853215136247	-14.9679474299155	-13.0370541108885	-12.5977570124533	-13.6221097024925	12.7474036978523	-12.6728088446464	-12.7560580212105	-13.1503729564446	12.4928112384689	12.8157087293648	-12.100940896686	-13.5659079345471	-11.7009534503462	12.3518128913779	12.4863547084244	-12.9123232957581
4-1-square root	-13.1479383329965	-14.3639733608621	-12.7509837054798	-12.4648857727262	-12.9505806907746	12.3094133461874	-12.7192986467044	-13.9453630297326	-12.8638720296372	12.5598885399669	12.9092867999303	-12.2530100579806	-12.4876026099451	12.8361675941163	12.5864925867664	-12.0013829482719	11.6711092859799
4-2-variance	-12.963793845228	-12.8954624549016	-13.2925125219171	-12.6478709834828	-13.1395988255681	12.6716416755288	11.6823676041879	-12.8601005947725	-13.1719157031179	-11.9921457328684	12.6930892590612	12.8376880815117	-12.6136615000204	12.471644267263	12.8495516128158	-12.0496173613068	-12.966040295272
4-3-root mean squared error	-12.5046374416754	-13.297663849683	-12.7495525137376	-12.8300078077848	-13.6586133766286	-12.2742103295571	-12.6256961218387	-12.4988788122035	-13.7130472003487	-12.7696846973764	-12.2727345227214	12.0732456195679	-12.8805676441928	-11.908795866504	12.1549290397984	-12.4225656490722	-12.9155995809782
5-0-Standard deviation	11.8258800977744	-12.5814496968756	12.0419068246747	-12.7457383659652	-12.7064506997963	-12.226126520712	-13.0329235974567	12.3880026915597	-12.106309602191	12.4469917254876	-11.8794727573406	13.0916592444702	-12.5706889406305	12.514979553627	12.6064187444963	12.4886404786955	-12.7166567140283
5-1-individual|single	-12.5421389887359	-13.117380788414	-12.7124747002551	-13.2318970873672	-12.8991884123339	12.5171863766803	-12.4696493892419	11.8660866091434	-12.6857930125975	-12.0854362772051	12.3032135720058	12.619598372398	-13.0490066355227	-12.086924784925	-12.0720250174322	12.6247724078656	-13.6553391495306
5-2-standard error	-12.7277391955257	-12.5712140324004	11.5958016130779	-12.730048383982	11.621267303873	12.6737592824041	-12.5909956413674	-12.2824246825614	-12.4387790329785	13.66238411835	12.9595647574805	13.288693511826	-12.5075607784716	12.7373869371694	-11.8511263139682	12.8332087007484	-12.4396054957728
5-3-multiple|many	-12.7257699446308	-16.0683510558279	-13.0131828480108	-12.9237125572967	-12.9619964496456	12.5586193019793	-12.6127842842936	-13.2284081672706	-13.5588005090453	12.5144650136139	12.7418095350561	12.3722279594108	-13.7420278899958	12.6267171867486	-11.9599018313623	-11.8688566083451	-13.0906612311738
6-0-density	-12.852068421924	-13.8616771821862	-12.7753833234696	-12.8243978117522	-12.9467910677618	12.4279345385752	-12.4449495144949	-12.4150364684138	-13.3836941098448	12.3060065789348	-11.7675247791302	12.3344776327206	-13.4965459830419	-11.9347173697022	-12.3217239668394	12.4511805679861	-13.2393200050533
6-1-range|set	-12.4148651808119	-12.7898630213335	-12.6720911682117	11.9764828676634	11.9153903372556	-11.8931333588317	-12.3429611835871	-12.7832675883611	-13.5160294387341	12.7116433054518	12.7358189594931	12.3127232307058	-12.1643842011807	13.9005666975447	12.5154109088719	12.7389762110208	11.9808214317973
6-2-probability|likelihood|chance	-12.6335945512914	-12.0860584345764	12.067642611884	12.1990891829029	12.0276919385195	13.0862594955339	12.2258739343273	12.2512973531766	-12.0478571884932	13.0556450827186	12.5704938885782	13.343842576796	12.1856475298157	12.813808516224	12.9594303021188	13.1807069684149	-11.944047093275
6-3-observation	-12.8118972378037	-13.2934183413417	-13.6750463391326	-12.7471328203243	-12.8136222619277	-11.9021132539472	-13.5129520603939	-12.7800951253101	-13.5184596362263	12.8063386744316	12.5372460393565	-12.004822328098	-13.5108409635639	12.4197790742172	-11.9631784036732	12.2475459527371	-12.5390825381969
7-0-mean|sample mean|average	12.2164729948921	11.2682629419128	12.0461019476957	-12.3656260594498	-12.209863293298	12.5460172767349	12.2711339938285	-12.3233838736293	-11.9640699318542	12.4615760166896	13.2611485036985	13.1300224052671	-12.444828214959	12.3342184889361	12.4143903029431	12.7243743102775	-12.2045419743567
7-1-sum	11.6231178104708	-13.3374835333621	-13.0542383088772	-12.4102245718612	-13.3846917343132	12.5311157631161	-13.5838509689164	-12.8737239223089	-12.4517659404103	12.7536439089522	13.8203407960025	-11.7309397798701	-13.1911252564964	12.7114314009787	12.7319237976408	12.5016733599476	-12.862727967395
7-2-divided	13.3042429758293	11.5029223073927	-11.8108653607187	-12.3465641605538	12.2094386105293	12.1963414225413	-11.6654308314329	12.3004311032502	12.3878897059147	-12.5303833906351	12.2337758922349	12.248173962999	-12.6373905162122	-12.4319418230023	-12.8454502154273	12.5813871694965	-12.3883314842767
7-3-count	-12.6793831097574	-14.0858812040922	-13.0010305136435	12.0399552995729	-13.3035060163524	12.6062544499022	-12.4514951983834	-13.2441185119092	-12.7045830873325	12.264567311294	12.4327814908553	-12.5980641211647	-12.9539769889609	-11.7041761568832	12.3234388115022	-12.0897289572437	-12.8453672356332
8-0-normal	-12.1340332203334	-12.4835977113004	11.9294670955268	12.1162646405591	11.8316086482752	13.8198834000951	-12.3717133618606	-12.0051616578125	11.6298245880965	12.8730737212987	12.6990046577345	12.3711450364205	-12.3959088561986	13.7612932339238	12.7353897030425	12.7716240001292	-12.4023991601348
8-1-68	-13.1331560887224	-12.7949433243975	-12.6069983361156	-12.274706596	-12.6838999506757	12.4390143835651	-12.8792537607199	-13.1505057465813	-13.0186517908135	-12.0425932198196	12.7336790092397	-11.9407684205284	12.0052349022333	12.676792942812	12.9920850635987	12.3480693684604	12.0043925037942
8-2-range	11.8544695767653	-12.6147230019653	11.9594131960855	-12.8813860016236	-12.8562057444059	12.5589653543719	-12.5030910933557	12.2353477984433	-12.0556606687383	12.5151819285068	12.6412729159699	13.0122651145597	-12.7469813248018	-11.7141442211498	12.5053658208207	12.9564231819518	-13.1568809299861
8-3-1	-12.8535180679198	-13.40907339144	-13.0207544605988	11.9650084579125	-12.5135946293768	13.6655283359535	11.8292406254267	-12.7365447723974	-13.5465685387351	12.8742958315417	13.2200229961165	12.7060701931966	-12.6911861898499	12.9517478730414	12.9265722116288	12.7760840591926	-12.759185211448
9-0-normal	-12.4736444283078	-12.8293785613461	11.8432354962589	-12.4308005544093	-12.7336518040913	13.3787550796715	-13.1123458949516	-12.1181421863682	11.5946147048287	12.8236968398456	12.6807401052363	-12.0679325413599	-12.8202167404127	12.8418304896196	12.820303678873	12.3848776697804	-12.6006705227466
9-1-95	-12.5200169245647	-13.0623985596935	-12.4612761510803	-12.5959870350195	-12.384315743367	-11.9420242110705	-12.6338002067628	-12.8230830788297	-15.6639525318176	-12.2945521174214	12.4585518400964	12.4275151722751	11.8906613201905	13.0326201512112	12.7885043170478	12.4179429968234	12.0995053671096
9-2-range	-12.77534446603	-13.1785348513976	-12.4624788469267	-12.5566774976546	11.7378330028754	12.7605592989428	12.1215486021263	11.9384740871321	-12.4395764880566	13.1728298096898	13.1650922946505	13.7656341810939	-12.594736802806	12.6584878357953	12.516858247849	13.3936204820904	-12.5555469756895
9-3-2	-12.4799501590991	-18.2143211761799	-12.4204224818583	-13.1458015700339	-12.7048981845882	-11.7878145448903	-12.6187761746289	11.791141602228	-13.8082490186374	12.4727441206436	12.5394024620577	12.5866648689528	-13.7721202833101	12.9798292249627	12.5680218151799	12.8782039250606	-12.8463334927598
